(module Hillside_Scene (layer F.Cu) (tedit 617D7F64)
  (fp_text reference H3 (at 3.25 -14.12) (layer F.Fab)
    (effects (font (size 1 1) (thickness 0.15)))
  )
  (fp_text value Scene (at -1.45 -14.16) (layer F.Fab)
    (effects (font (size 1 1) (thickness 0.15)))
  )
  (fp_line (start -4.3 -13.35) (end -4.32 9.93) (layer Cmts.User) (width 0.12))
  (fp_line (start 7.56 -13.35) (end -4.3 -13.35) (layer Cmts.User) (width 0.12))
  (fp_line (start 7.56 -6.65) (end 7.56 -13.35) (layer Cmts.User) (width 0.12))
  (fp_line (start 3.76 -6.58) (end 7.56 -6.58) (layer Cmts.User) (width 0.12))
  (fp_line (start 3.75 9.37) (end 3.75 -6.57) (layer Cmts.User) (width 0.12))
  (fp_line (start -4.32 9.93) (end 3.76 9.36) (layer Cmts.User) (width 0.12))
  (pad "" smd custom (at -3.5 5.9) (size 0.254 0.254) (layers F.Cu F.Paste F.Mask)
    (zone_connect 0)
    (options (clearance outline) (anchor circle))
    (primitives
      (gr_arc (start 1 -2.2) (end 0 0) (angle -48.8) (width 0.254))
      (gr_arc (start 5 -2.2) (end 4 0) (angle -48.8) (width 0.254))
      (gr_arc (start 3 2.2) (end 4 0) (angle -48.8) (width 0.254))
    ))
  (pad "" smd custom (at -3.5 6.41) (size 0.254 0.254) (layers F.Cu F.Paste F.Mask)
    (zone_connect 0)
    (options (clearance outline) (anchor circle))
    (primitives
      (gr_arc (start 1 -2.2) (end 0 0) (angle -48.8) (width 0.254))
      (gr_arc (start 5 -2.2) (end 4 0) (angle -48.8) (width 0.254))
      (gr_arc (start 3 2.2) (end 4 0) (angle -48.8) (width 0.254))
    ))
  (pad "" smd custom (at 2.48 -8) (size 0.254 1.5) (layers F.Cu F.Paste F.Mask)
    (zone_connect 0)
    (options (clearance outline) (anchor rect))
    (primitives
      (gr_circle (center -0.41 -1.13) (end -0.188641 -1.13) (width 0.3))
      (gr_circle (center 0.44 -1.13) (end 0.661359 -1.13) (width 0.3))
      (gr_circle (center 0.38 -0.86) (end 0.601359 -0.86) (width 0.3))
      (gr_poly (pts
         (xy 0.17 0.74) (xy -0.12 0.74) (xy 0 0.49)) (width 0.1))
      (gr_poly (pts
         (xy 0.35 -0.6) (xy 0.01 -0.23) (xy -0.37 -0.6)) (width 0.1))
      (gr_circle (center -0.43 -0.74) (end -0.224087 -0.74) (width 0.3))
      (gr_circle (center 0.01 -1.122278) (end 0.300854 -1.122278) (width 0.7))
    ))
  (pad "" smd custom (at -1.45 3.7) (size 0.254 0.5) (layers F.Cu F.Paste F.Mask)
    (zone_connect 0)
    (options (clearance outline) (anchor rect))
    (primitives
      (gr_poly (pts
         (xy 0.15 0.1625) (xy 0.15 0.75) (xy -0.3 0.75) (xy -0.3 0.35) (xy -0.7 0.35)
         (xy -0.7 0.75) (xy -0.95 0.75) (xy -0.95 0.1625) (xy -0.4 -0.4)) (width 0.1))
    ))
  (pad "" smd custom (at 0.9 1.95) (size 0.254 0.5) (layers F.Cu F.Paste F.Mask)
    (zone_connect 0)
    (options (clearance outline) (anchor rect))
    (primitives
      (gr_poly (pts
         (xy 0.15 0.1625) (xy 0.15 0.75) (xy -0.3 0.75) (xy -0.3 0.35) (xy -0.7 0.35)
         (xy -0.7 0.75) (xy -0.95 0.75) (xy -0.95 0.1625) (xy -0.4 -0.4)) (width 0.1))
    ))
  (pad "" smd custom (at 1.75 -1.05) (size 0.254 0.5) (layers F.Cu F.Paste F.Mask)
    (zone_connect 0)
    (options (clearance outline) (anchor rect))
    (primitives
      (gr_poly (pts
         (xy 0.15 0.1625) (xy 0.15 0.75) (xy -0.3 0.75) (xy -0.3 0.35) (xy -0.7 0.35)
         (xy -0.7 0.75) (xy -0.95 0.75) (xy -0.95 0.1625) (xy -0.4 -0.4)) (width 0.1))
    ))
  (pad "" smd custom (at -1.7 0.3) (size 0.254 0.5) (layers F.Cu F.Paste F.Mask)
    (zone_connect 0)
    (options (clearance outline) (anchor rect))
    (primitives
      (gr_poly (pts
         (xy 0.15 0.1625) (xy 0.15 0.75) (xy -0.3 0.75) (xy -0.3 0.35) (xy -0.7 0.35)
         (xy -0.7 0.75) (xy -0.95 0.75) (xy -0.95 0.1625) (xy -0.4 -0.4)) (width 0.1))
    ))
  (pad "" smd custom (at -7.55 7.3) (size 0.254 0.254) (layers F.Cu F.Paste F.Mask)
    (zone_connect 0)
    (options (clearance outline) (anchor circle))
    (primitives
      (gr_arc (start 1.000001 -0.999999) (end 0.000002 0) (angle -90) (width 0.254))
      (gr_arc (start 12.999989 -0.999999) (end 11.99999 0) (angle -90) (width 0.254))
      (gr_arc (start 8.999993 -0.999999) (end 7.999994 0) (angle -90) (width 0.254))
      (gr_arc (start 4.999997 -0.999999) (end 3.999998 0) (angle -90) (width 0.254))
      (gr_arc (start 2.999999 -0.999999) (end 2 0) (angle -90) (width 0.254))
      (gr_arc (start 6.999995 -0.999999) (end 5.999996 0) (angle -90) (width 0.254))
      (gr_arc (start 10.999991 -0.999999) (end 9.999992 0) (angle -90) (width 0.254))
      (gr_arc (start 14.999987 -0.999999) (end 13.999988 0) (angle -90) (width 0.254))
    ))
  (pad "" smd custom (at -7.95 8.1) (size 0.254 0.254) (layers F.Cu F.Paste F.Mask)
    (zone_connect 0)
    (options (clearance outline) (anchor circle))
    (primitives
      (gr_arc (start 1.000001 -0.999999) (end 0.000002 0) (angle -90) (width 0.254))
      (gr_arc (start 8.999993 -0.999999) (end 7.999994 0) (angle -90) (width 0.254))
      (gr_arc (start 4.999997 -0.999999) (end 3.999998 0) (angle -90) (width 0.254))
      (gr_arc (start 2.999999 -0.999999) (end 2 0) (angle -90) (width 0.254))
      (gr_arc (start 6.999995 -0.999999) (end 5.999996 0) (angle -90) (width 0.254))
      (gr_arc (start 10.999991 -0.999999) (end 9.999992 0) (angle -90) (width 0.254))
      (gr_arc (start 12.999989 -0.999999) (end 11.99999 0) (angle -90) (width 0.254))
      (gr_arc (start 14.999987 -0.999999) (end 13.999988 0) (angle -90) (width 0.254))
    ))
  (pad "" smd custom (at -2.75 -3.25) (size 1.524 0.254) (layers F.Cu F.Paste F.Mask)
    (zone_connect 0)
    (options (clearance outline) (anchor rect))
    (primitives
      (gr_line (start 7.04 -4.44) (end 9.05 -4.44) (width 0.254))
      (gr_line (start 2.6 0) (end 7.04 -4.44) (width 0.254))
      (gr_line (start -3.45 0) (end -0.5 0) (width 0.254))
      (gr_line (start 0.3 0) (end 2.6 0) (width 0.254))
    ))
  (pad "" smd custom (at -2.2 -1.6) (size 1.524 0.254) (layers F.Cu F.Paste F.Mask)
    (zone_connect 0)
    (options (clearance outline) (anchor rect))
    (primitives
      (gr_line (start -2.8 0) (end -0.5 0) (width 0.254))
      (gr_line (start 2.95 0) (end 6.35 -3.4) (width 0.254))
      (gr_line (start 0.65 0) (end 2.95 0) (width 0.254))
      (gr_line (start 6.35 -3.4) (end 7.8 -3.4) (width 0.254))
    ))
  (pad "" smd custom (at 0.62 -6.66) (size 0.254 1.5) (layers F.Cu F.Paste F.Mask)
    (zone_connect 0)
    (options (clearance outline) (anchor rect))
    (primitives
      (gr_circle (center -0.498641 -1.19) (end -0.277282 -1.19) (width 0.3))
      (gr_circle (center 0.44 -1.13) (end 0.661359 -1.13) (width 0.3))
      (gr_circle (center 0.38 -0.86) (end 0.601359 -0.86) (width 0.3))
      (gr_poly (pts
         (xy 0.17 0.74) (xy -0.12 0.74) (xy 0 0.49)) (width 0.1))
      (gr_poly (pts
         (xy 0.35 -0.535) (xy 0.02 -0.14) (xy -0.36 -0.51)) (width 0.1))
      (gr_circle (center -0.43 -0.74) (end -0.224087 -0.74) (width 0.3))
      (gr_circle (center 0.01 -1.122278) (end 0.300854 -1.122278) (width 0.7))
    ))
  (pad "" smd custom (at 2.2 2) (size 0.254 1.5) (layers F.Cu F.Paste F.Mask)
    (zone_connect 0)
    (options (clearance outline) (anchor rect))
    (primitives
      (gr_circle (center -0.41 -1.13) (end -0.188641 -1.13) (width 0.3))
      (gr_circle (center 0.44 -1.13) (end 0.661359 -1.13) (width 0.3))
      (gr_circle (center 0.38 -0.86) (end 0.601359 -0.86) (width 0.3))
      (gr_poly (pts
         (xy 0.17 0.74) (xy -0.12 0.74) (xy 0 0.49)) (width 0.1))
      (gr_poly (pts
         (xy 0.35 -0.6) (xy 0.01 -0.23) (xy -0.37 -0.6)) (width 0.1))
      (gr_circle (center -0.3 -0.755913) (end -0.094087 -0.755913) (width 0.3))
      (gr_circle (center 0.01 -1.122278) (end 0.300854 -1.122278) (width 0.7))
    ))
  (pad "" smd custom (at -3.34 3.91) (size 0.254 1.5) (layers F.Cu F.Paste F.Mask)
    (zone_connect 0)
    (options (clearance outline) (anchor rect))
    (primitives
      (gr_circle (center -0.41 -1.13) (end -0.188641 -1.13) (width 0.3))
      (gr_circle (center 0.44 -1.13) (end 0.661359 -1.13) (width 0.3))
      (gr_circle (center 0.34 -0.681359) (end 0.561359 -0.681359) (width 0.3))
      (gr_poly (pts
         (xy 0.17 0.74) (xy -0.12 0.74) (xy 0 0.49)) (width 0.1))
      (gr_poly (pts
         (xy 0.33 -0.43) (xy -0.01 -0.06) (xy -0.39 -0.43)) (width 0.1))
      (gr_circle (center -0.36 -0.715913) (end -0.154087 -0.715913) (width 0.3))
      (gr_circle (center 0.01 -1.122278) (end 0.300854 -1.122278) (width 0.7))
    ))
)
